0.993611 0.283608 0.740589 0.690257 0.022978 0.324738
0.295341 0.628550 0.394486 0.342523 0.718655 0.939494
0.145264 0.134380 0.758017 0.907897 0.907123 0.731700
0.566256 0.789377 0.107045 0.060315 0.352068 0.097413
0.739599 0.043287 0.303724 0.218771 0.482597 0.411881
0.033452 0.888287 0.580733 0.871498 0.787405 0.792262
0.399341 0.382459 0.196694 0.378387 0.587214 0.503963
0.828081 0.537521 0.918712 0.530352 0.141777 0.135301
0.786092 0.223685 0.156813 0.781379 0.657779 0.019395
0.488212 0.817158 0.942611 0.183889 0.103456 0.653681
0.071534 0.327138 0.342751 0.565783 0.272413 0.923915
0.654635 0.733604 0.557934 0.467957 0.967358 0.309159
0.539892 0.479691 0.845508 0.252893 0.836161 0.244690
0.249760 0.573229 0.004288 0.654887 0.390969 0.613352
0.317798 0.063251 0.655905 0.095258 0.233742 0.839214
0.893023 0.969773 0.494191 0.997954 0.538305 0.458833
0.934946 0.103269 0.986934 0.425305 0.337303 0.564479
0.353981 0.945769 0.147668 0.546813 0.891622 0.199723
0.203949 0.439757 0.512663 0.204095 0.732447 0.472459
0.507627 0.597195 0.352903 0.824779 0.037499 0.856746
0.673150 0.351100 0.050542 0.891924 0.157042 0.667277
0.099941 0.693659 0.834387 0.012909 0.602230 0.036896
0.465802 0.199670 0.450837 0.736488 0.773121 0.260255
0.761611 0.857172 0.664066 0.357687 0.468553 0.878917
0.844614 0.420749 0.410466 0.079529 0.983835 0.778636
0.429665 0.514711 0.689428 0.950304 0.288155 0.394349
0.013031 0.005036 0.088104 0.298879 0.086006 0.184175
0.713194 0.911014 0.812076 0.670295 0.641058 0.548931
0.606256 0.157110 0.598690 0.612944 0.522312 0.988398
0.183437 0.751136 0.250634 0.484173 0.217500 0.369736
0.251446 0.260810 0.901763 0.766460 0.407942 0.083818
0.959365 0.666844 0.248838 0.137414 0.853375 0.714199
0.948482 0.151517 0.318605 0.361507 0.128153 0.534659
0.277490 0.807556 0.535067 0.732675 0.573586 0.169919
0.162642 0.297698 0.179844 0.016920 0.801124 0.377653
0.610913 0.641720 0.966316 0.887936 0.496312 0.761924
0.694405 0.395626 0.631957 0.829076 0.369693 0.697455
0.015666 0.551599 0.471402 0.199790 0.924745 0.067090
0.416654 0.061455 0.868617 0.550309 0.701125 0.355452
0.872803 0.905421 0.028192 0.421786 0.005444 0.974098
0.772212 0.340091 0.766173 0.141471 0.551933 0.871253
0.439111 0.747591 0.114407 0.762395 0.247365 0.486981
0.120162 0.241883 0.733301 0.487918 0.377253 0.216687
0.668042 0.834444 0.386041 0.609177 0.822442 0.581428
0.525948 0.080541 0.204897 0.673868 0.949736 0.895895
0.200724 0.987983 0.926242 0.295315 0.254788 0.277249
0.366361 0.493689 0.296605 0.954556 0.120990 0.051450
0.906494 0.586186 0.572334 0.075300 0.675310 0.681816
0.889805 0.454049 0.064950 0.503414 0.451022 0.294873
0.336127 0.610575 0.788248 0.405348 0.755586 0.909613
0.221300 0.120129 0.434491 0.843759 0.619856 0.636939
0.552265 0.963662 0.712173 0.246517 0.174664 0.002668
0.627952 0.217574 0.878776 0.032870 0.051219 0.442135
0.082143 0.874035 0.225056 0.935319 0.746163 0.822500
0.483096 0.364484 0.622760 0.315269 0.877998 0.599083
0.806306 0.707962 0.273546 0.717504 0.323674 0.230436
0.830723 0.023031 0.519829 0.970261 0.870909 0.111966
0.380560 0.928090 0.361226 0.122927 0.425473 0.746238
0.061632 0.433981 0.978656 0.627874 0.199878 0.956474
0.726581 0.528984 0.140184 0.279899 0.504686 0.341733
0.592307 0.275071 0.458078 0.440779 0.627342 0.152264
0.134389 0.680071 0.672587 0.592984 0.072286 0.520911
0.299990 0.174182 0.042462 0.156398 0.301783 0.806770
0.972810 0.769121 0.826980 0.808878 0.997460 0.426405
0.978892 0.050525 0.008500 0.112677 0.568437 0.234609
0.310037 0.893022 0.856555 0.983449 0.139118 0.623779
0.132659 0.398728 0.491079 0.265735 0.485806 0.830046
0.578916 0.556170 0.644003 0.637147 0.805754 0.468220
0.724908 0.310079 0.947188 0.579796 0.937249 0.024847
0.048183 0.652640 0.168226 0.451029 0.367060 0.648391
0.386700 0.146933 0.554210 0.799604 0.008657 0.930403
0.840712 0.804432 0.330239 0.170562 0.688225 0.302952
0.804576 0.489118 0.592269 0.392161 0.234387 0.421300
0.469705 0.583084 0.308424 0.513664 0.555067 0.783126
0.088226 0.092940 0.906322 0.237243 0.819704 0.514296
0.637998 0.998913 0.193093 0.857923 0.389652 0.125127
0.558404 0.245006 0.405411 0.925068 0.259435 0.318502
0.231289 0.839029 0.744678 0.046057 0.939247 0.945953
0.334454 0.329170 0.095021 0.703340 0.686318 0.726500
0.876356 0.735209 0.754782 0.324542 0.115885 0.102955
0.920370 0.367590 0.262170 0.752137 0.758751 0.998733
0.368584 0.712529 0.603389 0.154651 0.438074 0.359563
0.191162 0.206640 0.236448 0.595021 0.187093 0.093236
0.520357 0.861640 0.898162 0.497199 0.617149 0.705062
0.658545 0.115540 0.700354 0.282135 0.735704 0.773438
0.114507 0.960543 0.414556 0.684126 0.055897 0.399893
0.453052 0.466434 0.800052 0.066019 0.318600 0.177937
0.774370 0.621492 0.084870 0.968712 0.889037 0.555388
0.863241 0.186577 0.838598 0.719496 0.436407 0.658111
0.411064 0.780055 0.061589 0.371765 0.865730 0.046285
0.029541 0.270504 0.660953 0.878655 0.509285 0.250172
0.696627 0.676965 0.438935 0.031077 0.189341 0.889342
0.624854 0.423064 0.152245 0.189532 0.069622 0.570968
0.164800 0.516598 0.998348 0.842256 0.639815 0.193517
0.267993 0.026151 0.349180 0.407630 0.984529 0.477909
0.942827 0.932678 0.500152 0.559590 0.304966 0.851454
0.961095 0.385687 0.930331 0.941031 0.705724 0.906039
0.264838 0.542210 0.215822 0.093693 0.026160 0.266885
0.177354 0.032231 0.569099 0.657108 0.349404 0.060555
0.596210 0.875770 0.284581 0.309130 0.919596 0.672366
0.707054 0.129669 0.119107 0.470009 0.792004 0.865741
0.003042 0.786135 0.777709 0.622218 0.472060 0.492212
0.431337 0.296116 0.382440 0.127164 0.152711 0.210259
0.858063 0.639588 0.720911 0.779647 0.582034 0.587694
0.755528 0.075768 0.482815 0.532649 0.098382 0.688098
0.455756 0.980829 0.636535 0.434579 0.668818 0.076288
0.101670 0.475002 0.015680 0.814529 0.956899 0.345055
0.686542 0.570001 0.864893 0.217282 0.277091 0.984210
0.509300 0.316099 0.546115 0.003636 0.403398 0.540836
0.217398 0.721097 0.322817 0.906088 0.833454 0.163400
0.347841 0.226926 0.954414 0.344499 0.541470 0.382912
0.924958 0.821868 0.176732 0.746738 0.220794 0.756442
0.902584 0.188617 0.684000 0.174608 0.902630 0.141870
0.323389 0.844652 0.462656 0.795536 0.332198 0.531024
0.235884 0.354324 0.814468 0.454777 0.042146 0.797412
0.537670 0.698352 0.038738 0.576041 0.721957 0.435601
0.640694 0.452260 0.372273 0.640731 0.599492 0.117228
0.069377 0.608238 0.524040 0.262174 0.169441 0.740757
0.497708 0.098563 0.128282 0.987697 0.455575 0.962649
0.791747 0.942524 0.975543 0.108438 0.776255 0.335213
0.814205 0.256117 0.229146 0.328367 0.291368 0.451242
0.397119 0.663619 0.889702 0.699539 0.970935 0.813052
0.043013 0.169630 0.270311 0.050057 0.653561 0.609225
0.745190 0.762189 0.610736 0.921076 0.083373 0.220070
0.575753 0.008281 0.792948 0.862217 0.206994 0.288446
0.150920 0.915720 0.076486 0.232927 0.526942 0.915882
0.281400 0.409707 0.708571 0.517172 0.848226 0.631426
0.991455 0.502207 0.422100 0.388645 0.418907 0.007897
0.987717 0.237058 0.802721 0.570307 0.811743 0.758504
0.285601 0.831511 0.078448 0.464428 0.491551 0.381072
0.155126 0.337219 0.698811 0.785656 0.133159 0.165526
0.572029 0.742704 0.420158 0.180601 0.562723 0.539052
0.749271 0.496607 0.238906 0.098793 0.693924 0.970678
0.039399 0.591119 0.891644 0.993429 0.014600 0.358871
0.393515 0.085413 0.260539 0.256182 0.361269 0.062697
0.818288 0.990962 0.608774 0.650605 0.931214 0.701847
0.795822 0.302584 0.346878 0.911184 0.383968 0.585820
0.494097 0.644593 0.506451 0.056037 0.813776 0.212295
0.065771 0.154451 0.153666 0.693787 0.560843 0.490401
0.644783 0.812382 0.993113 0.338000 0.240406 0.867833
0.533938 0.058476 0.658616 0.382671 0.109881 0.686208
0.240083 0.900549 0.445086 0.527063 0.680557 0.047058
0.327597 0.390693 0.839863 0.223296 0.945221 0.280668
0.898854 0.548680 0.056327 0.867962 0.265165 0.892475
0.929183 0.431070 0.548090 0.303404 0.611191 0.006087
0.344129 0.524059 0.332606 0.666760 0.181379 0.633519
0.213679 0.018168 0.952481 0.083812 0.444063 0.914006
0.513512 0.925118 0.166992 0.947015 0.764496 0.290480
0.682949 0.179031 0.484748 0.769990 0.883246 0.233856
0.105772 0.772078 0.646275 0.132892 0.312565 0.595663
0.459848 0.277966 0.013705 0.616231 0.061596 0.826893
0.751934 0.684981 0.855104 0.479896 0.741647 0.437742
0.854476 0.123100 0.101508 0.207385 0.195116 0.337341
0.435437 0.968526 0.752293 0.820496 0.515305 0.960866
0.007136 0.458973 0.399996 0.428840 0.860046 0.742818
0.703454 0.613486 0.746278 0.542287 0.430479 0.115386
0.600430 0.359575 0.912775 0.740765 0.310940 0.422012
0.173643 0.705066 0.190455 0.354399 0.990259 0.811163
0.261118 0.214618 0.586697 0.896448 0.633810 0.517491
0.965313 0.869187 0.309997 0.009380 0.063862 0.155684
0.938627 0.324167 0.130741 0.491220 0.917498 0.100833
0.271725 0.728740 0.969025 0.604915 0.347550 0.728280
0.168529 0.218760 0.370642 0.145016 0.028228 0.943887
0.620646 0.814247 0.529424 0.757888 0.707548 0.320346
0.700238 0.068161 0.817136 0.958824 0.580257 0.138721
0.025466 0.972669 0.032317 0.071996 0.150689 0.500544
0.406975 0.482647 0.682457 0.678378 0.473929 0.796654
0.866847 0.578078 0.468257 0.291764 0.794118 0.407488
0.777983 0.137290 0.706235 0.021429 0.278884 0.304767
0.448971 0.794302 0.428251 0.884392 0.958936 0.928308
0.110424 0.288472 0.794213 0.365769 0.666934 0.650261
0.662149 0.631522 0.071223 0.729372 0.096253 0.022814
0.516156 0.377611 0.268009 0.553859 0.222876 0.454441
0.194900 0.534564 0.617036 0.417276 0.543309 0.843607
0.372307 0.040392 0.230567 0.832381 0.831401 0.609932
0.916163 0.883378 0.884466 0.195523 0.401590 0.248110
0.880067 0.000149 0.376110 0.631179 0.724025 0.853326
0.330234 0.908141 0.723183 0.275632 0.043970 0.475879
0.227070 0.417816 0.124312 0.973811 0.330100 0.195330
0.562125 0.509885 0.776258 0.118417 0.900777 0.568871
0.633898 0.263789 0.562978 0.160660 0.778125 0.875497
0.091813 0.671715 0.286948 0.805574 0.457688 0.263675
0.473304 0.162042 0.935624 0.445288 0.167663 0.032503
0.800482 0.754055 0.214588 0.589439 0.597470 0.671669
0.836610 0.444582 0.960867 0.848269 0.081488 0.553323
0.390292 0.600129 0.174094 0.242966 0.651433 0.179782
0.051777 0.106142 0.540544 0.507682 0.972728 0.397769
0.720817 0.950656 0.324390 0.402044 0.293405 0.775216
0.582628 0.196752 0.022166 0.318814 0.416854 0.718592
0.128434 0.852240 0.862404 0.712996 0.846418 0.079426
0.305824 0.346229 0.477400 0.036172 0.529025 0.373156
0.982611 0.690679 0.638135 0.931056 0.208832 0.984978
0.969223 0.472083 0.448321 0.240528 0.358072 0.675782
0.304090 0.565069 0.670640 0.853644 0.912884 0.057139
0.138483 0.070897 0.052238 0.395692 0.712681 0.271281
0.588707 0.977850 0.828938 0.509144 0.017248 0.901643
0.730801 0.231752 0.510052 0.707621 0.147461 0.591110
0.057921 0.824802 0.359268 0.321252 0.593142 0.206842
0.376840 0.318972 0.988413 0.929595 0.781629 0.496608
0.834941 0.725983 0.142131 0.042523 0.476577 0.861345
0.810531 0.035211 0.904157 0.270257 0.961659 0.979813
0.479383 0.880642 0.242630 0.633616 0.266470 0.349452
0.078424 0.390620 0.597361 0.116956 0.109247 0.072872
0.632164 0.545128 0.255961 0.980163 0.663814 0.691514
0.548672 0.291229 0.090349 0.803137 0.532316 0.752045
0.225402 0.636716 0.805833 0.166035 0.227997 0.387308
0.340219 0.126736 0.409110 0.583088 0.396927 0.159984
0.886211 0.781310 0.694599 0.446749 0.841875 0.544252
0.910569 0.164782 0.202967 0.881946 0.031525 0.432185
0.362750 0.759232 0.916498 0.026796 0.726717 0.800828
0.197118 0.253221 0.298584 0.723028 0.897627 0.526628
0.530036 0.658710 0.582120 0.367237 0.343063 0.146266
0.664310 0.412618 0.764195 0.411909 0.462778 0.331797
0.124361 0.507132 0.104621 0.556304 0.767101 0.966065
0.443319 0.013145 0.735231 0.194054 0.607914 0.736360
0.768483 0.918691 0.395785 0.838725 0.162970 0.121624
0.869065 0.359234 0.649509 0.599548 0.646848 0.224467
0.420855 0.701247 0.496772 0.493665 0.092041 0.604829
0.019872 0.191574 0.851014 0.756419 0.282456 0.816468
0.690681 0.849500 0.002779 0.151360 0.977892 0.447825
0.614994 0.095591 0.336207 0.069551 0.859333 0.012293
0.159029 0.937661 0.560480 0.964191 0.413656 0.627029
0.273886 0.447335 0.162292 0.285420 0.211511 0.919298
0.952565 0.605328 0.940946 0.679846 0.516567 0.285030
0.955263 0.088030 0.620148 0.819035 0.494230 0.464804
0.255039 0.996018 0.279911 0.213736 0.799285 0.833462
0.187031 0.486161 0.880254 0.536912 0.575639 0.619382
0.602164 0.578235 0.219519 0.431278 0.129962 0.239005
0.716906 0.332142 0.431975 0.348047 0.003651 0.299536
0.008805 0.740073 0.718747 0.742226 0.699088 0.933819
0.425452 0.249931 0.066646 0.006943 0.926629 0.643995
0.848333 0.841939 0.782799 0.901823 0.371822 0.029243
0.765321 0.403577 0.044706 0.660408 0.824220 0.129523
0.461582 0.559126 0.820737 0.304865 0.379275 0.509900
0.095722 0.053420 0.456721 0.944578 0.245496 0.786542
0.676871 0.897932 0.677757 0.089187 0.549819 0.417884
0.503527 0.144022 0.981049 0.131431 0.677407 0.107352
0.207536 0.799508 0.133976 0.776341 0.122844 0.722103
0.357581 0.305215 0.518499 0.474521 0.252721 0.949369
0.930852 0.649669 0.366553 0.618669 0.947913 0.315086
0.896636 0.267524 0.874794 0.054568 0.176717 0.708478
0.313718 0.672094 0.025768 0.917527 0.621665 0.089820
0.245677 0.181645 0.626600 0.332633 0.753503 0.363960
0.543497 0.777137 0.472700 0.696233 0.449184 0.994336
0.650434 0.031038 0.186118 0.520719 0.325559 0.558804
0.075271 0.935550 0.964101 0.384140 0.880126 0.174521
0.491936 0.425998 0.313465 0.865517 0.744370 0.404289
0.781886 0.521424 0.536454 0.228663 0.049182 0.769041
0.823882 0.209558 0.290061 0.458084 0.502816 0.884946
0.403073 0.866572 0.574880 0.571775 0.197765 0.254569
0.037181 0.372462 0.210377 0.178156 0.427251 0.042869
0.735391 0.715508 0.924577 0.791023 0.872931 0.661527
0.569868 0.461608 0.726906 0.991960 0.995392 0.847058
0.141189 0.618559 0.388622 0.105136 0.299960 0.482306
0.291252 0.112668 0.771680 0.645237 0.074384 0.190101
0.997217 0.955656 0.112898 0.258627 0.629195 0.574384
0.999556 0.109745 0.278023 0.899609 0.933537 0.255974
0.289623 0.954749 0.618260 0.005247 0.362860 0.883410
0.142818 0.464424 0.221530 0.744440 0.012277 0.663898
0.567529 0.619481 0.882265 0.349743 0.692333 0.040368
0.737943 0.373385 0.716729 0.433490 0.564802 0.483711
0.035888 0.718323 0.429957 0.538606 0.134994 0.845522
0.404366 0.208650 0.784695 0.211524 0.489472 0.576755
0.821330 0.863651 0.068542 0.817342 0.809908 0.187601
0.783247 0.428736 0.822748 0.620850 0.263574 0.087197
0.489330 0.522271 0.046717 0.476245 0.942897 0.710726
0.077877 0.028284 0.675869 0.774160 0.682148 0.992679
0.649072 0.934810 0.454833 0.129707 0.112204 0.365243
0.545072 0.180905 0.135871 0.087004 0.238572 0.171898
0.243407 0.774382 0.982945 0.942852 0.558764 0.561053
0.315988 0.268371 0.364535 0.307049 0.815611 0.767383
0.895060 0.674833 0.516481 0.662134 0.386047 0.405573
0.933214 0.308305 0.023879 0.226940 0.739332 0.508365
0.355975 0.650867 0.872906 0.863336 0.060012 0.130929
0.209142 0.140887 0.474711 0.385863 0.314880 0.415384
0.501166 0.798386 0.628610 0.522900 0.884829 0.788913
0.679385 0.052299 0.962084 0.697957 0.762425 0.720568
0.094391 0.894796 0.184100 0.334815 0.442236 0.108757
0.462913 0.404774 0.538350 0.915802 0.183451 0.312586
0.762807 0.562216 0.315361 0.052386 0.613018 0.951740
0.849718 0.246902 0.576891 0.260322 0.065445 0.835711
0.422870 0.840925 0.292071 0.647451 0.636126 0.462182
0.011388 0.335095 0.922688 0.103442 0.988676 0.240289
0.715522 0.741133 0.208488 0.989747 0.308624 0.617725
0.603701 0.487222 0.390518 0.789331 0.432306 0.936068
0.184723 0.581188 0.728802 0.175945 0.862118 0.296913
0.257347 0.087015 0.110880 0.573468 0.513478 0.030527
0.953725 0.992989 0.769662 0.460295 0.193045 0.642337
0.950928 0.446458 0.668630 0.040829 0.796189 0.603438
0.276217 0.602435 0.446310 0.927382 0.475756 0.225987
0.156698 0.096544 0.830826 0.322946 0.148618 0.445439
0.616630 0.940507 0.054126 0.709834 0.578429 0.818984
0.689380 0.194419 0.357372 0.510836 0.709863 0.625639
0.022416 0.850454 0.508157 0.397904 0.029811 0.013813
0.418311 0.356343 0.144149 0.851952 0.345235 0.282644
0.870366 0.700369 0.990431 0.238317 0.915915 0.921814
0.765869 0.013962 0.244518 0.448471 0.399762 0.803466
0.444674 0.921399 0.906045 0.585268 0.829330 0.429921
0.123007 0.411846 0.253951 0.164312 0.545136 0.147908
0.666923 0.504347 0.595350 0.800956 0.224948 0.525360
0.527759 0.250436 0.807851 0.978438 0.094670 0.968703
0.198686 0.657940 0.092368 0.114774 0.664618 0.329533
0.361182 0.167491 0.692704 0.635341 0.960519 0.123266
0.912846 0.760048 0.407215 0.272439 0.281200 0.735092
0.884612 0.127904 0.914488 0.836543 0.595391 0.350972
0.342588 0.784369 0.200957 0.192331 0.165828 0.978423
0.223033 0.290076 0.584008 0.558486 0.459767 0.694030
0.550271 0.633551 0.300472 0.413632 0.779959 0.070486
0.630841 0.387454 0.102725 0.369421 0.898454 0.388829
0.080946 0.543976 0.762299 0.724754 0.328509 0.750655
0.476862 0.038271 0.397802 0.024613 0.046293 0.546768
0.811855 0.881808 0.737248 0.880221 0.725616 0.157598
0.832366 0.317988 0.498661 0.682060 0.210667 0.054875
0.378232 0.722984 0.651398 0.287115 0.531104 0.678420
0.056529 0.232843 0.000769 0.961977 0.844583 0.900375
0.733376 0.827785 0.849004 0.067856 0.414775 0.272924
0.586407 0.073879 0.562498 0.149148 0.294996 0.204578
0.140028 0.978942 0.338225 0.754726 0.975051 0.593748
0.302545 0.469085 0.939049 0.495877 0.649842 0.860077
0.971523 0.564084 0.160396 0.601241 0.079165 0.498250
0.981066 0.345428 0.971043 0.289553 0.478893 0.182294
0.308124 0.687985 0.132759 0.676685 0.783212 0.550941
0.126133 0.197537 0.527529 0.074207 0.590826 0.776740
0.584173 0.855040 0.368747 0.960516 0.145878 0.396374
0.719424 0.108941 0.034205 0.760101 0.019320 0.081938
0.054352 0.951443 0.819024 0.146711 0.714508 0.716209
0.387718 0.441889 0.466247 0.602702 0.910812 0.986502
0.838002 0.599327 0.680447 0.489525 0.356245 0.371762
0.797960 0.162904 0.426356 0.197705 0.840292 0.474607
0.474628 0.756931 0.704339 0.834106 0.394611 0.854972
0.090489 0.262819 0.073241 0.415093 0.229579 0.566611
0.636419 0.668854 0.796231 0.552134 0.534631 0.197964
0.559756 0.414955 0.615025 0.727192 0.661987 0.262403
0.228669 0.508916 0.265998 0.364046 0.107176 0.877143
0.328636 0.003026 0.886354 0.886572 0.268298 0.669409
0.882436 0.909002 0.232455 0.023152 0.963730 0.035137
0.914595 0.041392 0.725201 0.587714 0.160646 0.925925
0.374585 0.886391 0.378127 0.443104 0.606323 0.307279
0.192622 0.376535 0.774362 0.807300 0.769424 0.021420
0.517724 0.531597 0.122416 0.162843 0.464368 0.651785
0.660795 0.285504 0.288836 0.120141 0.340984 0.841224
0.113037 0.630446 0.564867 0.975993 0.895792 0.456953
0.446358 0.140304 0.212578 0.273908 0.728796 0.246716
0.779337 0.795301 0.933614 0.628997 0.033360 0.611456
0.864302 0.481465 0.172198 0.932750 0.518158 0.729926
0.408276 0.575003 0.958971 0.038384 0.213834 0.099561
0.024166 0.069297 0.326408 0.711303 0.412066 0.322980
0.702783 0.975820 0.542561 0.316602 0.857010 0.941626
0.618315 0.221911 0.860394 0.400349 0.979727 0.502190
0.170166 0.815385 0.020156 0.505468 0.284535 0.137449
0.270089 0.321093 0.640024 0.244661 0.090206 0.410122
0.940958 0.727557 0.479289 0.850483 0.644770 0.794394
0.967621 0.211893 0.080343 0.648912 0.373900 0.958370
0.259580 0.868355 0.804616 0.253970 0.928464 0.339708
0.175181 0.362345 0.418140 0.995122 0.697009 0.113847
0.598122 0.705821 0.696793 0.101004 0.001816 0.744227
0.706036 0.459729 0.893655 0.182296 0.132285 0.808666
0.005751 0.616255 0.240917 0.787870 0.577229 0.424379
0.436822 0.122268 0.606886 0.462733 0.796962 0.154145
0.851893 0.965803 0.258651 0.568093 0.492639 0.518900
0.753265 0.280872 0.504433 0.869688 0.946078 0.634807
0.457334 0.685874 0.344860 0.225479 0.250641 0.004426
0.108286 0.176200 0.995008 0.525337 0.124679 0.292725
0.681618 0.771138 0.155562 0.380488 0.679486 0.911387
0.515118 0.017230 0.443198 0.336277 0.548229 0.596950
0.211318 0.922287 0.656728 0.691606 0.243173 0.232194
0.346490 0.431962 0.058338 0.057761 0.380866 0.439987
0.927577 0.526966 0.841874 0.913365 0.826543 0.824274
0.901124 0.393737 0.334502 0.477713 0.047110 0.214662
0.326022 0.549711 0.549986 0.614506 0.742543 0.583324
0.241659 0.055539 0.164974 0.135074 0.882197 0.869242
0.531669 0.899504 0.950463 0.771714 0.327386 0.488862
0.647388 0.153406 0.648285 0.949196 0.446868 0.049425
0.064409 0.809444 0.486758 0.085535 0.751920 0.683712
0.495459 0.303614 0.853215 0.664579 0.623980 0.893885
0.793217 0.647637 0.011816 0.301682 0.178300 0.279129
0.819581 0.082307 0.750275 0.011591 0.631023 0.379411
0.390963 0.989750 0.099491 0.898140 0.076455 0.759792
0.041952 0.499728 0.748174 0.352188 0.298133 0.536433
0.747977 0.592225 0.401892 0.739073 0.993321 0.167771
0.573658 0.338325 0.188567 0.540074 0.874515 0.357210
0.152788 0.745824 0.910886 0.427146 0.429566 0.971966
0.287940 0.235844 0.312008 0.822709 0.196182 0.699229
0.986088 0.828406 0.588708 0.209079 0.500501 0.064942
0.989818 0.406937 0.217840 0.777465 0.143856 0.814588
0.283731 0.501452 0.932349 0.125439 0.589049 0.449836
0.148589 0.011005 0.282685 0.624400 0.785326 0.222571
0.577389 0.916551 0.567204 0.471734 0.480762 0.606854
0.743889 0.170462 0.779597 0.311310 0.354391 0.917417
0.045557 0.764912 0.120995 0.658831 0.908714 0.287040
0.394575 0.255361 0.718901 0.091512 0.716332 0.010397
0.815506 0.660850 0.380429 0.939308 0.021387 0.629055
0.789135 0.101393 0.634639 0.748949 0.536470 0.528776
0.499063 0.943463 0.480919 0.346192 0.231663 0.144492
0.068023 0.449354 0.866911 0.903877 0.392804 0.434317
0.643307 0.607345 0.017698 0.001943 0.838240 0.799069
0.535393 0.353432 0.320806 0.215069 0.965767 0.738508
0.237452 0.695444 0.544104 0.812834 0.270090 0.119850
0.321821 0.189555 0.178620 0.436792 0.105047 0.333929
0.904861 0.847483 0.956302 0.534343 0.660102 0.964306
0.923359 0.229863 0.464673 0.106744 0.466482 0.074882
0.350210 0.822914 0.686018 0.985484 0.771294 0.689634
0.215029 0.313056 0.036843 0.263867 0.604302 0.981839
0.510898 0.720067 0.812572 0.642943 0.158869 0.347556
0.685218 0.473972 0.525928 0.577736 0.035183 0.161995
0.104192 0.566957 0.374162 0.456991 0.730864 0.542372
0.453234 0.076813 0.973532 0.793840 0.893938 0.754071
0.756852 0.983767 0.126272 0.172394 0.338886 0.385413
0.855488 0.292995 0.887806 0.390371 0.855202 0.269508
0.432730 0.638483 0.227250 0.519355 0.410014 0.903790
0.001650 0.132775 0.612753 0.231201 0.215673 0.674023
0.709629 0.787348 0.272329 0.860033 0.520241 0.059272
0.593910 0.033445 0.074476 0.919353 0.642641 0.494835
0.178899 0.878875 0.790938 0.047875 0.088321 0.863493
0.263293 0.384581 0.423989 0.701262 0.286572 0.589352
0.963395 0.539090 0.710460 0.330548 0.981520 0.208975
0.945165 0.025365 0.858451 0.168837 0.007760 0.044765
0.266364 0.929878 0.010395 0.797421 0.702708 0.659501
0.166429 0.423864 0.641985 0.452755 0.922430 0.886826
0.622515 0.519292 0.489061 0.581980 0.368110 0.252558
0.699179 0.273197 0.170237 0.638871 0.498384 0.191997
0.028248 0.677766 0.949199 0.267916 0.802951 0.572359
0.412357 0.183778 0.328351 0.981725 0.571515 0.848938
0.860689 0.779268 0.552322 0.110496 0.126326 0.480295
0.775732 0.467403 0.306406 0.326236 0.673726 0.361827
0.450446 0.624353 0.590251 0.705552 0.118675 0.996095
0.117112 0.114678 0.194989 0.044364 0.256371 0.706330
0.657183 0.957667 0.908218 0.922857 0.952052 0.091594
0.521933 0.203763 0.742790 0.856228 0.820614 0.402157
0.188892 0.860779 0.403523 0.235030 0.375182 0.770800
0.370853 0.370451 0.756792 0.515359 0.249192 0.556656
0.918794 0.713497 0.097032 0.394374 0.554004 0.176295
0.878718 0.330247 0.605285 0.966501 0.321351 0.784517
0.332848 0.738177 0.264066 0.064327 0.876407 0.419780
0.232895 0.244006 0.896144 0.686337 0.748487 0.127513
0.556043 0.836016 0.234430 0.283827 0.052810 0.511781
0.640512 0.089926 0.416566 0.499412 0.172585 0.947344
0.086894 0.997914 0.702364 0.596715 0.618022 0.316982
0.471036 0.492086 0.082981 0.152438 0.757665 0.105341
0.802062 0.584159 0.798163 0.750443 0.452857 0.723984
0.842097 0.145797 0.059572 0.561773 0.999051 0.621141
0.384117 0.801281 0.836581 0.409354 0.304107 0.236873
0.050766 0.311262 0.440831 0.840073 0.070695 0.466578
0.723524 0.655716 0.662849 0.187808 0.625019 0.831315
0.580453 0.401802 0.996460 0.028896 0.506520 0.645754
0.130351 0.557353 0.150357 0.876932 0.201957 0.027111
0.312345 0.047374 0.502162 0.373945 0.423638 0.301310
0.977355 0.891885 0.351190 0.721218 0.868830 0.931671
0.975118 0.173229 0.533179 0.419605 0.690296 0.748620
0.298453 0.766275 0.316717 0.548585 0.010485 0.109454
0.135927 0.275948 0.968326 0.201972 0.364989 0.343128
0.589999 0.682963 0.181855 0.830800 0.935421 0.954950
0.729164 0.436872 0.469383 0.890119 0.808069 0.523293
0.060247 0.529861 0.629939 0.018646 0.487389 0.149752
0.381945 0.020186 0.030087 0.730492 0.136802 0.427799
0.828140 0.927136 0.870512 0.359781 0.566854 0.805246
0.807637 0.365255 0.116417 0.077514 0.114058 0.907967
0.480582 0.710746 0.768184 0.956251 0.684246 0.296145
0.084657 0.216757 0.384153 0.293101 0.941074 0.000034
0.626620 0.871327 0.731413 0.672173 0.261507 0.639199
0.553871 0.117420 0.928137 0.606965 0.388069 0.820854
0.218939 0.962846 0.206792 0.486224 0.817388 0.443407
0.338488 0.456834 0.570316 0.764607 0.556650 0.227802
0.888199 0.611345 0.294587 0.143165 0.236702 0.601343
0.908764 0.494842 0.786360 0.715810 0.886958 0.484469
0.364786 0.589352 0.063062 0.313056 0.316765 0.873635
0.202300 0.079374 0.714183 0.937013 0.057976 0.579904
0.523678 0.984924 0.436501 0.035083 0.737539 0.218081
0.670647 0.238823 0.223039 0.248209 0.614826 0.274737
0.118800 0.833278 0.876759 0.845971 0.185503 0.898277
0.440473 0.343258 0.275442 0.403656 0.440397 0.680292
0.769607 0.748743 0.624656 0.501203 0.760342 0.052845
0.874096 0.060364 0.363236 0.810601 0.306801 0.171191
0.414102 0.902438 0.521839 0.158579 0.986608 0.533013
0.018217 0.396609 0.138296 0.591261 0.637980 0.764184
0.693112 0.554598 0.976767 0.438599 0.067543 0.375018
0.612542 0.300696 0.674483 0.278174 0.190931 0.068362
0.160304 0.642705 0.459974 0.625691 0.511608 0.695809
0.279828 0.148535 0.824962 0.124652 0.864139 0.976358
0.946853 0.806464 0.040444 0.972444 0.434084 0.352818
0.957820 0.257994 0.392475 0.528629 0.584358 0.391982
0.253747 0.665921 0.738578 0.376207 0.154302 0.781133
0.181136 0.160032 0.108934 0.873221 0.469737 0.547521
0.607801 0.752044 0.759905 0.220951 0.790414 0.185714
0.711801 0.005944 0.578837 0.062039 0.921675 0.367369
0.015606 0.913935 0.301828 0.910079 0.351239 0.990895
0.427090 0.419826 0.920730 0.340798 0.024081 0.712789
0.846007 0.511896 0.198712 0.688075 0.703889 0.085358
0.759089 0.202423 0.944499 0.999648 0.219203 0.201384
0.467126 0.857913 0.158701 0.097471 0.539147 0.563191
0.098617 0.348362 0.555923 0.653193 0.835044 0.859365
0.675672 0.692811 0.340741 0.250680 0.405721 0.470214
0.505258 0.438910 0.006306 0.466265 0.275256 0.038557
0.205547 0.594456 0.847526 0.563572 0.954820 0.665989
0.352383 0.104009 0.492296 0.185581 0.670653 0.881536
0.937315 0.948524 0.654009 0.783590 0.100461 0.258011
0.891455 0.066387 0.145657 0.355473 0.773940 0.656178
0.320076 0.970896 0.984924 0.734793 0.453992 0.017028
0.247483 0.476602 0.354792 0.015123 0.171756 0.310699
0.541460 0.572031 0.514552 0.893619 0.601076 0.922505
0.653281 0.325941 0.832491 0.826991 0.719886 0.615849
0.074147 0.730514 0.048646 0.205788 0.040319 0.242323
0.485599 0.224806 0.666083 0.544601 0.334269 0.460373
0.787446 0.820294 0.452854 0.423612 0.904458 0.837804
0.825537 0.379506 0.691317 0.139596 0.420490 0.938206
0.400642 0.536461 0.412355 0.768184 0.850542 0.326400
0.032151 0.046317 0.810066 0.481992 0.525359 0.095169
0.742144 0.889302 0.086094 0.611221 0.204678 0.734319
0.563926 0.135395 0.252652 0.668112 0.085200 0.790974
0.146901 0.792405 0.600708 0.297154 0.655632 0.413542
0.293704 0.282547 0.246942 0.952487 0.969108 0.133056
0.995942 0.625598 0.899867 0.081255 0.289296 0.506582
0.994892 0.132899 0.181306 0.148305 0.380198 0.923456
0.294786 0.790886 0.964847 0.761420 0.825387 0.311633
0.147894 0.285058 0.320074 0.488893 0.549018 0.015948
0.562901 0.627132 0.533606 0.602344 0.244451 0.655114
0.741120 0.381039 0.868132 0.676798 0.122043 0.836740
0.033145 0.538970 0.028684 0.290429 0.676362 0.459293
0.401723 0.044800 0.631465 0.959442 0.948836 0.243258
0.824485 0.886808 0.471886 0.072370 0.253888 0.616799
0.788349 0.327580 0.733794 0.364433 0.800071 0.733193
0.484727 0.733130 0.385556 0.727793 0.495259 0.094028
0.073187 0.223152 0.766658 0.021803 0.129054 0.327151
0.654209 0.817663 0.113915 0.885010 0.574486 0.938973
0.542390 0.063753 0.295136 0.835913 0.698180 0.507349
0.246523 0.969239 0.573795 0.198811 0.002500 0.133808
0.319204 0.479219 0.203435 0.551288 0.372608 0.412401
0.892356 0.573673 0.927710 0.414949 0.927660 0.789849
0.936353 0.441177 0.434975 0.975147 0.198916 0.186587
0.353316 0.595747 0.711681 0.119996 0.503724 0.548410
0.206445 0.101757 0.065442 0.630805 0.871901 0.780129
0.504390 0.947249 0.787764 0.275014 0.426465 0.390963
0.674805 0.201150 0.621299 0.441755 0.298930 0.084339
0.099515 0.855663 0.275015 0.586151 0.994607 0.711786
0.468058 0.349650 0.877308 0.163231 0.630348 0.991783
0.758125 0.695076 0.226518 0.807901 0.075292 0.368242
0.846997 0.004534 0.980124 0.504394 0.622710 0.469013
0.426070 0.911548 0.138723 0.398512 0.177517 0.858178
0.014551 0.421221 0.521290 0.850596 0.448016 0.564019
0.712886 0.514268 0.359757 0.245537 0.752580 0.202197
0.608886 0.260368 0.041970 0.037751 0.878959 0.258823
0.180082 0.667318 0.827464 0.932391 0.324636 0.882364
0.252726 0.157643 0.457593 0.318196 0.050227 0.664803
0.958809 0.750632 0.673079 0.712623 0.745172 0.037356
0.945860 0.298202 0.759478 0.788212 0.267515 0.217208
0.280853 0.641187 0.105577 0.182913 0.962460 0.579015
0.161354 0.151044 0.742057 0.566759 0.662647 0.874638
0.611460 0.807997 0.393024 0.461124 0.108324 0.485488
0.692031 0.061899 0.196210 0.255824 0.226829 0.053864
0.019269 0.904948 0.919205 0.650002 0.531393 0.681295
0.415126 0.395090 0.303232 0.100143 0.842921 0.897389
0.873101 0.552102 0.581218 0.995023 0.397728 0.273863
0.770567 0.240464 0.343243 0.693185 0.914035 0.376220
0.439544 0.835895 0.557449 0.337642 0.358980 0.765371
0.117897 0.341601 0.157297 0.912778 0.016218 0.532185
0.671518 0.746109 0.942118 0.057387 0.711895 0.170378
0.524550 0.492210 0.654437 0.225607 0.592112 0.352005
0.201397 0.587697 0.495653 0.870518 0.146675 0.975530
0.363857 0.081989 0.844047 0.379367 0.477730 0.696995
0.909723 0.986564 0.005757 0.523515 0.782537 0.069563
0.887301 0.119684 0.513148 0.084415 0.092826 0.954000
0.339356 0.964135 0.352411 0.947374 0.647878 0.342193
0.219901 0.454584 0.987427 0.301810 0.976984 0.110533
0.552938 0.610072 0.147183 0.665409 0.281303 0.749684
0.625688 0.363980 0.449375 0.613919 0.412749 0.806310
0.085620 0.708494 0.665534 0.477340 0.858181 0.428878
0.481449 0.218048 0.049073 0.773293 0.517353 0.148817
0.806738 0.873594 0.835848 0.136439 0.212542 0.522343
0.829196 0.435460 0.089573 0.426284 0.727640 0.640325
0.380860 0.527472 0.810615 0.539976 0.032692 0.001174
0.059257 0.021583 0.411928 0.210932 0.342262 0.295394
0.730184 0.929509 0.687960 0.823800 0.896581 0.907201
0.591020 0.175601 0.901271 0.896807 0.766300 0.600576
0.134937 0.767670 0.249323 0.009983 0.461733 0.227051
0.297367 0.273561 0.598205 0.739414 0.163893 0.444548
0.976172 0.681553 0.251126 0.352804 0.609082 0.821980
0.978344 0.400148 0.569584 0.537530 0.957768 0.512860
0.311323 0.554721 0.284089 0.431651 0.277961 0.128577
0.129297 0.049014 0.930823 0.817456 0.097298 0.418830
0.581539 0.894501 0.215338 0.212401 0.667735 0.783582
0.724609 0.148414 0.380979 0.004616 0.544354 0.723049
0.049710 0.802923 0.722380 0.899252 0.223678 0.104391
0.383097 0.308628 0.117638 0.351336 0.400422 0.318046
0.843087 0.654059 0.779170 0.745758 0.830478 0.948423
0.801098 0.092437 0.017148 0.942007 0.346520 0.830563
0.471968 0.999449 0.863432 0.086860 0.916712 0.465812
0.087793 0.489590 0.484276 0.663941 0.708699 0.237998
0.639644 0.582640 0.635066 0.308153 0.029136 0.622281
0.555175 0.328730 0.953922 0.474895 0.151842 0.932812
0.233792 0.735683 0.177216 0.619287 0.581165 0.302435
0.333781 0.245539 0.545630 0.130095 0.793088 0.026344
0.877755 0.838524 0.323309 0.774762 0.473144 0.645002
0.919696 0.205159 0.815929 0.335204 0.650525 0.253562
0.369981 0.863150 0.037270 0.698560 0.080336 0.887845
0.187934 0.369041 0.685469 0.051036 0.294190 0.658628
0.522862 0.711110 0.461194 0.914239 0.973758 0.043876
0.658112 0.465014 0.127798 0.865143 0.847204 0.479407
0.116152 0.622940 0.976035 0.228045 0.417884 0.848065
0.449575 0.117051 0.371781 0.522054 0.207925 0.573378
0.776634 0.959064 0.524525 0.385719 0.527873 0.193001
0.859638 0.270945 0.270803 0.177538 0.043168 0.090766
0.413438 0.676492 0.610251 0.790650 0.722980 0.705517
0.029242 0.186044 0.229630 0.459663 0.901700 0.997296
0.698155 0.780559 0.889209 0.573110 0.331267 0.363013
0.621491 0.026654 0.707103 0.647565 0.458611 0.177481
0.167421 0.932142 0.423561 0.261199 0.779292 0.557858
0.267446 0.422592 0.791487 0.988672 0.596670 0.769987
0.944114 0.517042 0.077955 0.101604 0.166618 0.401329
0.964449 0.031789 0.491563 0.397043 0.812975 0.346553
0.262207 0.876242 0.643511 0.510738 0.382923 0.980820
0.177910 0.386222 0.008991 0.240170 0.241329 0.690507
0.594930 0.541708 0.856071 0.853041 0.562010 0.075771
0.710649 0.295611 0.552749 0.926047 0.681481 0.386301
0.000659 0.640122 0.331708 0.039220 0.111048 0.754944
0.431645 0.130144 0.945720 0.710177 0.264364 0.541353
0.856543 0.785693 0.169687 0.323563 0.944176 0.160991
0.755953 0.476481 0.907791 0.113653 0.490643 0.060100
0.454102 0.568489 0.191632 0.976615 0.810591 0.674836
0.105156 0.074319 0.593730 0.272568 0.563509 0.902589
0.684286 0.982250 0.306955 0.636172 0.134189 0.268321
0.509965 0.228344 0.094530 0.584682 0.015387 0.207789
0.215991 0.820418 0.755267 0.448099 0.694954 0.588150
0.351079 0.314590 0.404927 0.802534 0.930306 0.864305
0.922461 0.722577 0.745170 0.165676 0.360117 0.495663
0.905820 0.354830 0.237909 0.726332 0.514275 0.605775
0.320892 0.697818 0.896693 0.370785 0.194330 0.221507
0.236550 0.188143 0.263638 0.879635 0.431631 0.450786
0.536265 0.845093 0.601929 0.024240 0.860954 0.815523
0.644179 0.099006 0.799567 0.192460 0.991411 0.629990
0.067120 0.942053 0.085362 0.837374 0.311848 0.011347
0.498135 0.451726 0.699862 0.412511 0.062832 0.285976
0.790094 0.608740 0.415040 0.556663 0.633025 0.916338
0.814512 0.168213 0.661445 0.755069 0.180212 0.799821
0.395598 0.763639 0.438450 0.149766 0.610267 0.435084
0.046609 0.257626 0.839083 0.599906 0.765541 0.143367
0.742808 0.662139 0.061098 0.494268 0.444864 0.527635
0.576308 0.408227 0.347711 0.288968 0.313610 0.963165
0.149639 0.503719 0.501612 0.683150 0.884047 0.332804
0.284756 0.009730 0.150784 0.066995 0.740480 0.120617
0.988825 0.914299 0.999816 0.961879 0.060673 0.739259
0.985221 0.336684 0.369174 0.018500 0.669848 0.489880
0.288838 0.743206 0.530886 0.889271 0.099168 0.870246
0.153720 0.237500 0.129280 0.360889 0.275939 0.582435
0.572694 0.831039 0.970494 0.732301 0.955991 0.213788
0.747015 0.084938 0.682949 0.547021 0.832301 0.278256
0.042884 0.991404 0.467773 0.418254 0.402490 0.892996
0.391861 0.497112 0.817620 0.831403 0.221823 0.684715
0.818712 0.590585 0.031824 0.202361 0.542256 0.050444
0.794303 0.155900 0.793728 0.484385 0.027328 0.166958
0.494405 0.810961 0.071716 0.605889 0.706647 0.535605
0.063388 0.301105 0.705743 0.144042 0.918551 0.760978
0.648378 0.646104 0.428736 0.764722 0.348603 0.380612
0.532659 0.392202 0.232028 0.955891 0.471015 0.066143
0.240638 0.547200 0.882997 0.076880 0.791203 0.700415
0.324967 0.057058 0.269477 0.673494 0.583201 0.971138
0.902208 0.902000 0.615574 0.294697 0.153634 0.356397
0.926554 0.018642 0.123820 0.847292 0.971736 0.745291
0.347484 0.924676 0.776742 0.249805 0.292413 0.114926
0.212399 0.430565 0.375625 0.500843 0.082450 0.338773
0.514067 0.524592 0.723675 0.403021 0.652394 0.957420
0.680568 0.278501 0.937093 0.313934 0.526019 0.517950
0.109368 0.684478 0.213127 0.715925 0.205826 0.153210
0.458328 0.178588 0.564440 0.033244 0.419707 0.425458
0.752240 0.772549 0.285480 0.935937 0.849271 0.809730
0.852823 0.457464 0.539082 0.626294 0.333106 0.910621
0.435863 0.614967 0.325859 0.278564 0.903783 0.291974
0.004879 0.124518 0.959398 0.970879 0.721172 0.005567
0.706938 0.967076 0.175555 0.123301 0.041116 0.635932
0.599025 0.213168 0.477885 0.159687 0.168654 0.825400
0.174309 0.870607 0.637643 0.812410 0.598462 0.441128
0.258621 0.361054 0.022659 0.438452 0.777163 0.231443
0.968549 0.703555 0.861920 0.590412 0.456727 0.596184
0.940026 0.220271 0.697342 0.908255 0.555975 0.650721
0.271052 0.812769 0.421619 0.060918 0.235539 0.020341
0.171033 0.322747 0.801259 0.688907 0.388866 0.308214
0.617416 0.730189 0.079916 0.340928 0.818674 0.926875
0.701885 0.484098 0.261031 0.375832 0.938461 0.612406
0.025034 0.576659 0.608290 0.528040 0.258405 0.247650
0.409239 0.066679 0.239391 0.222319 0.116793 0.455873
0.863369 0.974179 0.891152 0.874802 0.687470 0.840160
0.780358 0.287999 0.153182 0.563471 0.139919 0.942393
0.445368 0.631965 0.993604 0.465401 0.569483 0.323731
0.111951 0.137793 0.346386 0.784683 0.804831 0.098420
0.661849 0.793766 0.506936 0.187437 0.484639 0.728801
0.518780 0.039859 0.841324 0.095860 0.366137 0.793268
0.191538 0.883882 0.054859 0.998313 0.936081 0.408981
0.373595 0.378052 0.660085 0.251298 0.689026 0.138200
0.915615 0.534091 0.443625 0.653537 0.009702 0.502956
0.881355 0.416365 0.951989 0.206407 0.866898 0.395356
0.329687 0.511304 0.167477 0.827335 0.437330 0.775736
0.229693 0.001631 0.547605 0.422002 0.188296 0.551830
0.558762 0.906631 0.333098 0.543265 0.508484 0.183168
0.635426 0.160531 0.015173 0.735885 0.638769 0.372635
0.091513 0.755533 0.853643 0.357328 0.068821 0.987391
0.475679 0.265209 0.486209 0.893519 0.306133 0.715206
0.796878 0.670267 0.644806 0.014260 0.985452 0.080919
0.838875 0.106675 0.398535 0.298521 0.439104 0.198777
0.386816 0.950152 0.747747 0.669693 0.759537 0.567439
0.053423 0.444141 0.100040 0.080879 0.615997 0.853786
0.720383 0.600602 0.753754 0.951899 0.186186 0.473405
0.585133 0.346701 0.587182 0.769016 0.054744 0.033936
0.125205 0.690235 0.309505 0.139726 0.734796 0.668223
0.307222 0.196248 0.913267 0.609396 0.890066 0.877972
0.981937 0.852776 0.189971 0.480870 0.319386 0.263216
0.972451 0.071370 0.879763 0.659435 0.246580 0.071374
0.301585 0.977409 0.220004 0.311701 0.550903 0.694903
0.139157 0.471579 0.619664 0.937742 0.823350 0.977404
0.587309 0.565601 0.280403 0.090160 0.378406 0.349969
0.734278 0.319507 0.068114 0.126546 0.255696 0.156595
0.055657 0.725480 0.781338 0.779273 0.950888 0.545749
0.377274 0.231308 0.433436 0.471589 0.674523 0.751528
0.833295 0.825274 0.717279 0.623553 0.119960 0.389717
0.810831 0.389110 0.455261 0.814155 0.572663 0.271738
0.477855 0.546610 0.679226 0.216665 0.126986 0.899173
0.082028 0.036629 0.043238 0.533984 0.497114 0.679232
0.629790 0.879191 0.822198 0.436158 0.802169 0.055703
0.549220 0.125288 0.518984 0.347070 0.925546 0.499079
0.224114 0.782729 0.366061 0.749065 0.370738 0.860889
0.343582 0.292708 0.981541 0.000103 0.004521 0.592547
0.883588 0.635205 0.133491 0.902800 0.699957 0.203392
0.913931 0.252686 0.625131 0.455151 0.424428 0.819919
0.360127 0.659213 0.474161 0.576659 0.870109 0.446389
0.197666 0.165226 0.873333 0.173273 0.505853 0.224923
0.528749 0.758760 0.027236 0.793956 0.200801 0.602359
0.667913 0.012671 0.313957 0.985125 0.073453 0.920734
0.121985 0.919133 0.535970 0.106110 0.628264 0.281580
0.443619 0.413121 0.186603 0.644263 0.996415 0.014763
0.766955 0.506599 0.963610 0.265462 0.300982 0.626574
0.869498 0.193022 0.209892 0.047730 0.754434 0.524219
0.419209 0.848081 0.925068 0.918505 0.450115 0.146783
0.023350 0.357755 0.289569 0.331655 0.175694 0.430688
0.688417 0.702758 0.575365 0.703071 0.620643 0.804217
0.615667 0.448846 0.773141 0.517790 0.747193 0.735843
0.157630 0.603846 0.111430 0.389019 0.052004 0.124033
0.277116 0.094173 0.728375 0.860638 0.322522 0.328408
0.950060 0.939111 0.387161 0.231592 0.877090 0.967562
0.954597 0.484711 0.051746 0.269283 0.102304 0.787978
0.256444 0.579653 0.829422 0.640451 0.656872 0.414434
0.183795 0.089511 0.447836 0.110122 0.968388 0.131993
0.604661 0.994508 0.671132 0.981137 0.273199 0.509444
0.716481 0.248419 0.989881 0.798254 0.391998 0.952819
0.010458 0.843419 0.140670 0.168968 0.836947 0.313650
0.421968 0.333562 0.511514 0.580155 0.537153 0.107807
0.850589 0.738624 0.357799 0.451632 0.232833 0.719633
0.761726 0.053954 0.595899 0.235649 0.717610 0.618865
0.463964 0.897427 0.257430 0.856573 0.022177 0.241414
0.095416 0.403134 0.902688 0.392763 0.353235 0.461415
0.678391 0.559601 0.244091 0.514023 0.908047 0.834960
0.500172 0.305687 0.409595 0.706643 0.788572 0.641586
0.210165 0.649226 0.694107 0.328090 0.483520 0.029760
0.357027 0.143520 0.090842 0.922757 0.140732 0.298039
0.932132 0.800042 0.805349 0.043501 0.586412 0.937209
0.896080 0.183157 0.297115 0.596616 0.287232 0.039480
0.314997 0.775657 0.583581 0.498549 0.982668 0.663024
0.242323 0.266104 0.201506 0.751535 0.641859 0.884429
0.546127 0.673543 0.917967 0.154292 0.087051 0.256978
0.650127 0.427448 0.735723 0.062716 0.218301 0.188604
0.076791 0.520006 0.395300 0.965164 0.523357 0.577774
0.488341 0.029557 0.764679 0.284447 0.852451 0.844649
0.784268 0.937060 0.104129 0.686682 0.406775 0.482823
0.820397 0.371990 0.850530 0.875107 0.890837 0.366430
0.405329 0.715951 0.003271 0.027773 0.336273 0.993880
0.036757 0.210060 0.649018 0.722051 0.038407 0.709914
0.737045 0.866038 0.497257 0.374077 0.733599 0.086369
0.566631 0.112134 0.163753 0.408980 0.603138 0.404745
0.143685 0.956161 0.939477 0.561185 0.158194 0.766571
0.290587 0.462050 0.337676 0.189174 0.467767 0.562254
0.998623 0.618084 0.559019 0.841653 0.772090 0.173084
0.996316 0.463003 0.831318 0.449451 0.540177 0.995149
0.292125 0.620930 0.053642 0.578432 0.219988 0.364787
0.142148 0.111257 0.669114 0.171148 0.404569 0.088633
0.568939 0.953269 0.445818 0.799977 0.834136 0.707276
0.734462 0.207169 0.142680 0.983320 0.953668 0.767839
0.038141 0.865160 0.991892 0.111846 0.274349 0.403102
0.403944 0.374835 0.355911 0.638268 0.101491 0.175348
0.822979 0.716905 0.509625 0.267558 0.671439 0.559616
0.782937 0.028786 0.255412 0.045715 0.155469 0.660508
0.490855 0.934275 0.593882 0.924451 0.585281 0.041866
0.074277 0.428264 0.245987 0.325877 0.789368 0.255458
0.651458 0.522714 0.904584 0.704949 0.468936 0.885819
0.544521 0.268813 0.692219 0.511812 0.350194 0.575258
0.244684 0.674358 0.407706 0.391071 0.920874 0.190990
0.312636 0.180372 0.807359 0.858784 0.705057 0.481303
0.897686 0.774887 0.092852 0.237341 0.025005 0.846039
0.929863 0.142368 0.585477 0.684986 0.851342 0.239772
0.358602 0.796877 0.299011 0.282233 0.421535 0.620134
0.208590 0.306855 0.915949 0.966859 0.203755 0.832322
0.502442 0.652285 0.199488 0.064930 0.524191 0.463679
0.675786 0.406194 0.397311 0.155986 0.654710 0.028118
0.096778 0.560768 0.737733 0.753747 0.084033 0.642855
0.462602 0.050787 0.102241 0.496856 0.290098 0.934571
0.764331 0.896276 0.762791 0.594403 0.970153 0.300303
0.849296 0.334653 0.001253 0.843377 0.454900 0.416820
0.424520 0.741608 0.848512 0.191355 0.775092 0.785462
0.007906 0.247435 0.499152 0.559461 0.600290 0.510834
0.717774 0.840420 0.650913 0.406799 0.170726 0.130473
0.603032 0.086513 0.937589 0.372351 0.039533 0.316036
0.186133 0.993524 0.161865 0.719868 0.718856 0.950304
0.254106 0.487694 0.561029 0.029499 0.905366 0.721024
0.956226 0.580744 0.339686 0.877291 0.335421 0.106287
0.951605 0.096989 0.222022 0.621829 0.685154 0.145499
0.274815 0.940034 0.881780 0.469407 0.115210 0.525876
0.159930 0.445923 0.278507 0.780997 0.260721 0.801968
0.614122 0.602938 0.617768 0.128728 0.940044 0.433310
0.689810 0.356847 0.783226 0.091886 0.816603 0.122749
0.020775 0.699837 0.070003 0.939926 0.387039 0.737501
0.421784 0.193945 0.715268 0.309975 0.237610 0.965313
0.868105 0.850895 0.431425 0.657252 0.557802 0.331030
0.769476 0.410368 0.677330 0.904495 0.011285 0.448890
0.442296 0.505859 0.453365 0.002317 0.691341 0.817548
0.123309 0.015409 0.824216 0.747370 0.934498 0.603894
0.665391 0.919980 0.045256 0.344856 0.363821 0.223517
0.531118 0.166072 0.364051 0.434465 0.486466 0.284080
0.196068 0.761499 0.516973 0.531772 0.806902 0.918363
0.361725 0.251946 0.135380 0.218358 0.567655 0.628109
0.911562 0.656458 0.983430 0.816367 0.137848 0.013358
0.885156 0.289573 0.476179 0.263249 0.987776 0.900831
0.341305 0.634083 0.627149 0.642569 0.307724 0.270454
0.226391 0.128377 0.025341 0.108323 0.066498 0.058326
0.547652 0.783928 0.871437 0.986820 0.637179 0.676984
0.631144 0.037827 0.537858 0.796167 0.510563 0.862547
0.079415 0.882281 0.315845 0.174965 0.190131 0.497795
0.480468 0.387989 0.961599 0.574448 0.435251 0.206015
0.809476 0.543474 0.184592 0.453459 0.865063 0.590298
0.835840 0.234261 0.923173 0.233773 0.317795 0.692533
0.375973 0.826334 0.207996 0.862360 0.887743 0.073875
0.056957 0.316478 0.577383 0.386839 0.736387 0.348563
0.731734 0.724466 0.291587 0.516067 0.057068 0.978940
0.589640 0.470564 0.109419 0.700889 0.184351 0.543379
0.137521 0.562573 0.771131 0.329930 0.613918 0.159095
0.303222 0.072432 0.389049 0.920688 0.761372 0.388311
0.970121 0.980361 0.730263 0.049455 0.441183 0.753063
0.983573 0.199018 0.419608 0.872618 0.117889 0.570058
0.304891 0.853530 0.695332 0.220593 0.672696 0.196532
0.127536 0.343977 0.081805 0.530224 0.952960 0.475066
0.583497 0.689404 0.803148 0.377557 0.257523 0.852498
0.721684 0.443309 0.606394 0.343110 0.376090 0.670842
0.050879 0.597879 0.259135 0.690631 0.821767 0.031691
0.389360 0.107430 0.893170 0.058736 0.553218 0.264877
0.837574 0.952921 0.241409 0.906531 0.248163 0.876684
0.799491 0.262378 0.995493 0.655749 0.701785 0.774327
0.474325 0.669328 0.155070 0.252991 0.006593 0.396895
0.092867 0.163437 0.504926 0.996101 0.368911 0.180801
0.632813 0.756426 0.344375 0.094167 0.923475 0.554326
0.561039 0.002523 0.056876 0.185223 0.803752 0.985981
0.228125 0.909538 0.843342 0.782988 0.499429 0.374174
0.331255 0.415427 0.441729 0.467615 0.125403 0.078552
0.879078 0.508473 0.658189 0.565166 0.570348 0.717702
0.917214 0.375115 0.165466 0.012567 0.303061 0.321486
0.371226 0.533045 0.949978 0.891308 0.998250 0.945012
0.193906 0.042903 0.334986 0.359020 0.626186 0.727513
0.517181 0.884912 0.549494 0.738096 0.071618 0.100082
0.663173 0.138823 0.851747 0.544959 0.203124 0.406736
0.109430 0.796811 0.013277 0.424215 0.507444 0.795887
0.447890 0.286955 0.646824 0.825640 0.867785 0.501669
0.779035 0.629027 0.488227 0.204194 0.422837 0.139862
0.865944 0.069800 0.749635 0.482595 0.875255 0.021880
0.407847 0.975285 0.400423 0.611579 0.320443 0.649312
0.026426 0.480993 0.751743 0.138001 0.053839 0.929372
0.699310 0.575447 0.098029 0.766833 0.749272 0.305847
0.619716 0.321533 0.311523 0.950176 0.619052 0.249190
0.169488 0.727084 0.589200 0.078699 0.173371 0.610997
0.272597 0.221378 0.188075 0.671416 0.451705 0.842657
0.937726 0.815889 0.911371 0.300702 0.756757 0.453506
0.966210 0.361839 0.528997 0.200637 0.230510 0.289340
0.260250 0.706355 0.367285 0.829220 0.535562 0.912881
0.172681 0.212368 0.972504 0.419978 0.839270 0.634286
0.601363 0.867914 0.131290 0.549203 0.393589 0.006839
0.704386 0.121825 0.465755 0.734024 0.271120 0.438494
0.006173 0.966274 0.680932 0.363070 0.966553 0.827660
0.434570 0.460264 0.033720 0.887548 0.658951 0.594538
0.855375 0.615753 0.819516 0.016319 0.104139 0.232715
0.750879 0.177618 0.073726 0.296389 0.588003 0.116320
0.460933 0.769688 0.795738 0.675705 0.143055 0.743767
0.106762 0.279364 0.426848 0.075187 0.481929 0.959802
0.681930 0.687354 0.703855 0.953680 0.786249 0.336261
0.512491 0.433442 0.884893 0.763028 0.909881 0.154604
0.214669 0.525454 0.233924 0.141829 0.355314 0.516426
0.345214 0.015781 0.613557 0.607583 0.020342 0.812113
0.928129 0.923708 0.267460 0.486598 0.715531 0.422946
0.899847 0.055982 0.774854 0.933725 0.409090 0.537865
0.326573 0.899033 0.121931 0.031551 0.854035 0.164324
0.239032 0.393202 0.725686 0.718137 0.521042 0.381885
0.535021 0.550213 0.377635 0.315627 0.216718 0.759332
0.645864 0.304119 0.211109 0.405235 0.089123 0.702675
0.064719 0.647104 0.935075 0.502538 0.643686 0.063509
0.493073 0.152932 0.287375 0.247591 0.980597 0.357670
0.796817 0.809886 0.566335 0.845597 0.285405 0.969492
0.817327 0.498249 0.327869 0.592596 0.770508 0.868722
0.394444 0.593736 0.541093 0.440178 0.465452 0.491275
0.040302 0.083756 0.173667 0.810227 0.159777 0.211276
0.748399 0.988329 0.957510 0.157961 0.605454 0.584817
0.571157 0.234426 0.639539 0.121120 0.731772 0.891472
0.156028 0.829856 0.479780 0.969156 0.036335 0.279650
0.286530 0.339834 0.859902 0.280745 0.338100 0.047932
0.986758 0.744344 0.020641 0.628018 0.892908 0.687097
0.990369 0.010531 0.641501 0.321351 0.251565 0.436726
0.282455 0.916993 0.489553 0.708484 0.947245 0.798552
0.151940 0.407442 0.857959 0.041432 0.678686 0.530273
0.574763 0.500919 0.010880 0.927741 0.123634 0.141103
0.744200 0.254826 0.329812 0.855255 0.242372 0.334446
0.044034 0.661352 0.550853 0.241865 0.547183 0.961897
0.398174 0.170905 0.171705 0.508524 0.827466 0.741897
0.813119 0.764440 0.947737 0.395348 0.382033 0.118353
0.792616 0.450863 0.193521 0.167860 0.929250 0.219121
0.496811 0.605864 0.909679 0.804260 0.374931 0.608291
0.068443 0.099975 0.304945 0.445915 0.000909 0.814132
0.641657 0.944913 0.591719 0.582957 0.695857 0.452306
0.538634 0.191005 0.757284 0.633990 0.576321 0.008961
0.234952 0.846062 0.096547 0.270845 0.131133 0.632506
0.322490 0.351953 0.743274 0.978797 0.493425 0.914947
0.903451 0.696956 0.403031 0.115376 0.797992 0.287497
0.924029 0.313591 0.894683 0.554938 0.077607 0.673568
0.348801 0.719564 0.235899 0.410329 0.631931 0.061742
0.218268 0.229421 0.603817 0.839099 0.992291 0.266057
0.508398 0.823385 0.265527 0.194642 0.297347 0.905227
0.685640 0.077287 0.083466 0.025963 0.428536 0.586882
0.102543 0.983325 0.797672 0.881815 0.873729 0.209431
0.456715 0.473467 0.417058 0.369062 0.501653 0.493398
0.754599 0.567490 0.701880 0.724151 0.197089 0.866943
0.859087 0.131326 0.440338 0.963572 0.743588 0.983336
0.430344 0.788769 0.663333 0.069206 0.047911 0.344166
0.001960 0.294474 0.059087 0.681457 0.326219 0.077291
0.708104 0.636971 0.837072 0.286756 0.881275 0.689117
0.597261 0.383072 0.503631 0.492573 0.750753 0.757460
0.176273 0.540570 0.349729 0.597693 0.445945 0.383915
0.263844 0.034863 0.997921 0.151460 0.179345 0.162511
0.962119 0.877425 0.148889 0.757282 0.624781 0.539962
0.941806 0.425316 0.282200 0.744066 0.395657 0.703860
0.268984 0.517873 0.567695 0.349125 0.841093 0.092049
0.165884 0.023884 0.217348 0.900944 0.533464 0.360391
0.623799 0.931388 0.932833 0.006827 0.228657 0.999545
0.695572 0.185288 0.720362 0.214095 0.106008 0.556200
0.030627 0.777790 0.378961 0.819669 0.661064 0.178764
0.412053 0.271777 0.781066 0.429957 0.964775 0.398706
0.862220 0.679215 0.119534 0.535317 0.269098 0.772236
0.775303 0.114145 0.865442 0.776487 0.784365 0.890216
0.452089 0.958171 0.019159 0.132278 0.479801 0.251061
0.113638 0.467844 0.633178 0.617562 0.144848 0.045282
0.659443 0.623879 0.482388 0.472712 0.590041 0.657092
0.521256 0.369979 0.179112 0.306431 0.713478 0.850436
0.190295 0.713941 0.955818 0.661760 0.018534 0.476906
0.367620 0.204266 0.321291 0.088583 0.357397 0.194406
0.921302 0.860243 0.543612 0.944187 0.911720 0.571842
0.875485 0.242496 0.035382 0.383536 0.214620 0.467095
0.335357 0.837494 0.814040 0.520329 0.519188 0.828906
0.232217 0.331666 0.463205 0.230228 0.856102 0.624530
0.557445 0.736728 0.687479 0.866869 0.410914 0.235376
0.637039 0.490635 0.974017 0.916421 0.283627 0.303719
0.089155 0.585578 0.125780 0.052760 0.978575 0.931154
0.470606 0.091407 0.526420 0.696378 0.645555 0.647251
0.803704 0.996404 0.373677 0.333480 0.091236 0.023722
0.841794 0.311734 0.612262 0.103816 0.607247 0.126076
0.385650 0.655272 0.272814 0.990365 0.161814 0.515231
0.047158 0.145293 0.887321 0.258987 0.463568 0.782047
0.725902 0.801817 0.227742 0.645871 0.768379 0.420236
0.579910 0.047907 0.425457 0.570897 0.894991 0.101891
0.131636 0.891381 0.708999 0.457968 0.339939 0.725420
0.308985 0.401361 0.075937 0.792863 0.034283 0.946888
0.979973 0.557826 0.789469 0.179233 0.729964 0.319452
0.973833 0.276483 0.107473 0.992810 0.828163 0.003419
0.298996 0.682460 0.761374 0.098449 0.398839 0.637706
0.133308 0.172785 0.391007 0.652215 0.225993 0.908488
0.593359 0.766747 0.740039 0.257518 0.545937 0.293733
0.727632 0.020660 0.921215 0.463336 0.665663 0.229296
0.060550 0.926694 0.198220 0.568451 0.095471 0.597958
0.379567 0.436368 0.579329 0.180702 0.280032 0.823267
0.831748 0.530394 0.301344 0.786520 0.959596 0.442887
0.805376 0.215309 0.555431 0.525696 0.474726 0.340654
0.484055 0.872747 0.341226 0.381090 0.795403 0.955409
0.083015 0.366734 0.944014 0.868338 0.579581 0.747187
0.627050 0.709235 0.159193 0.223884 0.149526 0.112900
0.551362 0.455323 0.493764 0.055205 0.030963 0.427339
0.222171 0.612827 0.652548 0.911053 0.710771 0.807720
0.337086 0.118838 0.007767 0.339824 0.914885 0.519846
0.888877 0.961396 0.846057 0.694910 0.344449 0.151184
0.907361 0.078900 0.354307 0.134715 0.530196 0.762752
0.365463 0.985365 0.515044 0.771112 0.209515 0.378465
0.199792 0.495345 0.145165 0.479064 0.415561 0.168717
0.526912 0.588819 0.985409 0.616101 0.845613 0.533473
0.669004 0.342722 0.667545 0.667135 0.975837 0.972911
0.119229 0.749245 0.451386 0.303993 0.296025 0.354250
0.438213 0.239267 0.833960 0.945648 0.078257 0.067902
0.773081 0.832805 0.047185 0.082232 0.648690 0.698282
0.871717 0.398120 0.808597 0.354499 0.165027 0.580425
0.417709 0.553116 0.087555 0.741628 0.594346 0.215669
0.016686 0.058946 0.689856 0.008288 0.780883 0.487855
0.693416 0.903888 0.413823 0.894593 0.460934 0.872142
0.609923 0.149983 0.247434 0.822106 0.329432 0.682705
0.163662 0.805045 0.899382 0.208720 0.899621 0.052324
0.278545 0.299217 0.253137 0.541669 0.724815 0.276230
0.947397 0.644216 0.600216 0.428496 0.045247 0.894892
0.960446 0.158520 0.966865 0.070675 0.942096 0.855918
0.250395 0.753524 0.183323 0.957228 0.262529 0.471647
0.182413 0.259414 0.531710 0.292124 0.113127 0.200925
0.607250 0.664472 0.318178 0.679012 0.683316 0.565665
0.714187 0.418376 0.030572 0.604037 0.559687 0.880104
0.012006 0.513313 0.870020 0.491105 0.239739 0.261457
0.428614 0.007425 0.469876 0.759727 0.385246 0.036084
0.845696 0.912426 0.629455 0.146093 0.814565 0.666449
